K=1 Accuracy: 0.9438202247191011
K=3 Accuracy: 0.9213483146067416